18:48:18 [096] [AFN00-F1-[确认响应]] ->:68 13 00 43 00 00 00 00 00 60 00 01 00 01 00 00 00 A5 16 
18:48:18 [097] [AFN06-F230] <=:68 31 00 C3 00 00 40 00 00 61 06 20 1C 01 16 00 00 14 12 23 02 00 46 18 31 08 26 12 00 68 16 00 00 14 12 23 68 91 06 33 34 34 35 73 56 5F 16 AB 16 
18:48:18 [097] [AFN00-F1-[确认响应]] ->:68 13 00 43 00 00 00 00 00 61 00 01 00 01 00 00 00 A6 16 
18:48:19 [098] [AFN06-F230] <=:68 31 00 C3 00 00 40 00 00 62 06 20 1C 01 57 00 00 14 12 23 02 00 46 18 31 08 26 12 00 68 57 00 00 14 12 23 68 91 06 33 34 34 35 73 56 A0 16 6F 16 
18:48:19 [098] [AFN00-F1-[确认响应]] ->:68 13 00 43 00 00 00 00 00 62 00 01 00 01 00 00 00 A7 16 
18:48:19 [099] [AFN06-F230] <=:68 31 00 C3 00 00 40 00 00 63 06 20 1C 01 86 01 00 14 12 23 02 00 46 18 31 08 26 12 00 68 86 01 00 14 12 23 68 91 06 33 34 34 35 6C 56 C9 16 F2 16 
18:48:19 [099] [AFN00-F1-[确认响应]] ->:68 13 00 43 00 00 00 00 00 63 00 01 00 01 00 00 00 A8 16 
18:48:19 [100] [AFN06-F230] <=:68 31 00 C3 00 00 40 00 00 64 06 20 1C 01 61 01 00 14 12 23 02 00 46 18 31 08 26 12 00 68 61 01 00 14 12 23 68 91 06 33 34 34 35 6C 56 A4 16 84 16 
18:48:19 [100] [AFN00-F1-[确认响应]] ->:68 13 00 43 00 00 00 00 00 64 00 01 00 01 00 00 00 A9 16 
18:48:19 [101] [AFN06-F230] <=:68 31 00 C3 00 00 40 00 00 65 06 20 1C 01 38 01 00 14 12 23 02 00 46 18 31 08 26 12 00 68 38 01 00 14 12 23 68 91 06 33 34 34 35 76 56 85 16 1E 16 
18:48:19 [101] [AFN00-F1-[确认响应]] ->:68 13 00 43 00 00 00 00 00 65 00 01 00 01 00 00 00 AA 16 
18:48:19 [102] [AFN06-F230] <=:68 31 00 C3 00 00 40 00 00 66 06 20 1C 01 83 01 00 14 12 23 02 00 46 18 31 08 26 12 00 68 83 01 00 14 12 23 68 91 06 33 34 34 35 6C 56 C6 16 EC 16 
18:48:19 [102] [AFN00-F1-[确认响应]] ->:68 13 00 43 00 00 00 00 00 66 00 01 00 01 00 00 00 AB 16 
18:48:19 [103] [AFN06-F230] <=:68 31 00 C3 00 00 40 00 00 67 06 20 1C 01 63 01 00 14 12 23 02 00 46 18 31 08 26 12 00 68 63 01 00 14 12 23 68 91 06 33 34 34 35 75 56 AF 16 9F 16 
18:48:19 [103] [AFN00-F1-[确认响应]] ->:68 13 00 43 00 00 00 00 00 67 00 01 00 01 00 00 00 AC 16 
18:48:19 [104] [AFN06-F230] <=:68 31 00 C3 00 00 40 00 00 68 06 20 1C 01 93 01 00 14 12 23 02 00 46 18 31 08 26 12 00 68 93 01 00 14 12 23 68 91 06 33 34 34 35 6C 56 D6 16 1E 16 
18:48:19 [104] [AFN00-F1-[确认响应]] ->:68 13 00 43 00 00 00 00 00 68 00 01 00 01 00 00 00 AD 16 
18:48:19 [105] [AFN06-F230] <=:68 31 00 C3 00 00 40 00 00 69 06 20 1C 01 71 01 00 14 12 23 02 00 46 18 31 08 26 12 00 68 71 01 00 14 12 23 68 91 06 33 34 34 35 73 56 BB 16 C7 16 
18:48:20 [105] [AFN00-F1-[确认响应]] ->:68 13 00 43 00 00 00 00 00 69 00 01 00 01 00 00 00 AE 16 
18:48:20 [106] [AFN06-F230] <=:68 31 00 C3 00 00 40 00 00 6A 06 20 1C 01 22 00 00 14 12 23 02 00 46 18 31 08 26 12 00 68 22 00 00 14 12 23 68 91 06 33 34 34 35 74 56 6C 16 DA 16 
18:48:20 [106] [AFN00-F1-[确认响应]] ->:68 13 00 43 00 00 00 00 00 6A 00 01 00 01 00 00 00 AF 16 
18:48:20 [107] [AFN06-F230] <=:68 31 00 C3 00 00 40 00 00 6B 06 20 1C 01 10 01 00 14 12 23 02 00 46 18 31 08 26 12 00 68 10 01 00 14 12 23 68 91 06 33 34 34 35 75 56 5C 16 AA 16 
18:48:20 [107] [AFN00-F1-[确认响应]] ->:68 13 00 43 00 00 00 00 00 6B 00 01 00 01 00 00 00 B0 16 
18:48:20 [108] [AFN06-F230] <=:68 31 00 C3 00 00 40 00 00 6C 06 20 1C 01 55 01 00 14 12 23 02 00 46 18 31 08 26 12 00 68 55 01 00 14 12 23 68 91 06 33 34 34 35 6C 56 98 16 68 16 
18:48:20 [108] [AFN00-F1-[确认响应]] ->:68 13 00 43 00 00 00 00 00 6C 00 01 00 01 00 00 00 B1 16 
18:48:20 [109] [AFN06-F230] <=:68 31 00 C3 00 00 40 00 00 6D 06 20 1C 01 94 01 00 14 12 23 02 00 46 18 31 08 26 12 00 68 94 01 00 14 12 23 68 91 06 33 34 34 35 75 56 E0 16 38 16 
18:48:20 [109] [AFN00-F1-[确认响应]] ->:68 13 00 43 00 00 00 00 00 6D 00 01 00 01 00 00 00 B2 16 
18:48:20 [110] [AFN06-F230] <=:68 31 00 C3 00 00 40 00 00 6E 06 20 1C 01 37 01 00 14 12 23 02 00 46 18 31 08 26 12 00 68 37 01 00 14 12 23 68 91 06 33 34 34 35 6C 56 7A 16 10 16 
18:48:21 [110] [AFN00-F1-[确认响应]] ->:68 13 00 43 00 00 00 00 00 6E 00 01 00 01 00 00 00 B3 16 
18:48:21 [111] [AFN06-F230] <=:68 31 00 C3 00 00 40 00 00 6F 06 20 1C 01 35 00 00 14 12 23 02 00 46 18 31 08 26 12 00 68 35 00 00 14 12 23 68 91 06 33 34 34 35 74 56 7F 16 18 16 
18:48:21 [111] [AFN00-F1-[确认响应]] ->:68 13 00 43 00 00 00 00 00 6F 00 01 00 01 00 00 00 B4 16 
18:48:21 [112] [AFN06-F230] <=:68 31 00 C3 00 00 40 00 00 70 06 20 1C 01 62 01 00 14 12 23 02 00 46 18 31 08 26 12 00 68 62 01 00 14 12 23 68 91 06 33 34 34 35 74 56 AD 16 A3 16 
18:48:21 [112] [AFN00-F1-[确认响应]] ->:68 13 00 43 00 00 00 00 00 70 00 01 00 01 00 00 00 B5 16 
18:48:21 [113] [AFN06-F230] <=:68 31 00 C3 00 00 40 00 00 71 06 20 1C 01 25 00 00 14 12 23 02 00 46 18 31 08 26 12 00 68 25 00 00 14 12 23 68 91 06 33 34 34 35 73 56 6E 16 E8 16 
18:48:21 [113] [AFN00-F1-[确认响应]] ->:68 13 00 43 00 00 00 00 00 71 00 01 00 01 00 00 00 B6 16 
18:48:21 [114] [AFN06-F230] <=:68 31 00 C3 00 00 40 00 00 72 06 20 1C 01 07 01 00 14 12 23 02 00 46 18 31 08 26 12 00 68 07 01 00 14 12 23 68 91 06 33 34 34 35 6B 56 49 16 82 16 
18:48:21 [114] [AFN00-F1-[确认响应]] ->:68 13 00 43 00 00 00 00 00 72 00 01 00 01 00 00 00 B7 16 
18:48:21 [115] [AFN06-F230] <=:68 31 00 C3 00 00 40 00 00 73 06 20 1C 01 32 01 00 14 12 23 02 00 46 18 31 08 26 12 00 68 32 01 00 14 12 23 68 91 06 33 34 34 35 73 56 7C 16 14 16 
18:48:21 [115] [AFN00-F1-[确认响应]] ->:68 13 00 43 00 00 00 00 00 73 00 01 00 01 00 00 00 B8 16 
18:48:21 [116] [AFN06-F230] <=:68 31 00 C3 00 00 40 00 00 74 06 20 1C 01 97 40 59 00 00 23 02 00 46 18 31 08 26 12 00 68 97 40 59 00 00 23 68 91 06 33 34 34 35 73 56 53 16 9A 16 
18:48:21 [116] [AFN00-F1-[确认响应]] ->:68 13 00 43 00 00 00 00 00 74 00 01 00 01 00 00 00 B9 16 
18:48:22 [117] [AFN06-F230] <=:68 31 00 C3 00 00 40 00 00 75 06 20 1C 01 36 00 00 14 12 23 02 00 46 18 31 08 26 12 00 68 36 00 00 14 12 23 68 91 06 33 34 34 35 75 56 81 16 23 16 
18:48:22 [117] [AFN00-F1-[确认响应]] ->:68 13 00 43 00 00 00 00 00 75 00 01 00 01 00 00 00 BA 16 
18:48:22 [118] [AFN06-F230] <=:68 31 00 C3 00 00 40 00 00 76 06 20 1C 01 30 00 00 14 12 23 02 00 46 18 31 08 26 12 00 68 30 00 00 14 12 23 68 91 06 33 34 34 35 75 56 7B 16 12 16 
18:48:22 [118] [AFN00-F1-[确认响应]] ->:68 13 00 43 00 00 00 00 00 76 00 01 00 01 00 00 00 BB 16 
18:48:22 [119] [AFN06-F230] <=:68 31 00 C3 00 00 40 00 00 77 06 20 1C 01 31 00 00 14 12 23 02 00 46 18 31 08 26 12 00 68 31 00 00 14 12 23 68 91 06 33 34 34 35 6C 56 73 16 04 16 
18:48:22 [119] [AFN00-F1-[确认响应]] ->:68 13 00 43 00 00 00 00 00 77 00 01 00 01 00 00 00 BC 16 
18:48:22 [120] [AFN06-F230] <=:68 31 00 C3 00 00 40 00 00 78 06 20 1C 01 91 00 00 14 12 23 02 00 46 18 31 08 26 12 00 68 91 00 00 14 12 23 68 91 06 33 34 34 35 6C 56 D3 16 25 16 
18:48:22 [120] [AFN00-F1-[确认响应]] ->:68 13 00 43 00 00 00 00 00 78 00 01 00 01 00 00 00 BD 16 
18:48:22 [121] [AFN06-F230] <=:68 31 00 C3 00 00 40 00 00 79 06 20 1C 01 79 00 00 14 12 23 02 00 46 18 31 08 26 12 00 68 79 00 00 14 12 23 68 91 06 33 34 34 35 75 56 C4 16 F0 16 
18:48:22 [121] [AFN00-F1-[确认响应]] ->:68 13 00 43 00 00 00 00 00 79 00 01 00 01 00 00 00 BE 16 
18:48:23 [122] [AFN06-F230] <=:68 31 00 C3 00 00 40 00 00 7A 06 20 1C 01 04 01 00 14 12 23 02 00 46 18 31 08 26 12 00 68 04 01 00 14 12 23 68 91 06 33 34 34 35 6C 56 47 16 83 16 
18:48:23 [122] [AFN00-F1-[确认响应]] ->:68 13 00 43 00 00 00 00 00 7A 00 01 00 01 00 00 00 BF 16 
18:48:23 [123] [AFN06-F230] <=:68 31 00 C3 00 00 40 00 00 7B 06 20 1C 01 75 01 00 14 12 23 02 00 46 18 31 08 26 12 00 68 75 01 00 14 12 23 68 91 06 33 34 34 35 6C 56 B8 16 D7 16 
18:48:23 [123] [AFN00-F1-[确认响应]] ->:68 13 00 43 00 00 00 00 00 7B 00 01 00 01 00 00 00 C0 16 
18:48:23 [124] [AFN06-F230] <=:68 31 00 C3 00 00 40 00 00 7C 06 20 1C 01 24 00 00 14 12 23 02 00 46 18 31 08 26 12 00 68 24 00 00 14 12 23 68 91 06 33 34 34 35 73 56 6D 16 F0 16 
18:48:23 [124] [AFN00-F1-[确认响应]] ->:68 13 00 43 00 00 00 00 00 7C 00 01 00 01 00 00 00 C1 16 
18:48:23 [125] [AFN06-F230] <=:68 31 00 C3 00 00 40 00 00 7D 06 20 1C 01 22 01 00 14 12 23 02 00 46 18 31 08 26 12 00 68 22 01 00 14 12 23 68 91 06 33 34 34 35 73 56 6C 16 EE 16 
18:48:23 [125] [AFN00-F1-[确认响应]] ->:68 13 00 43 00 00 00 00 00 7D 00 01 00 01 00 00 00 C2 16 
18:48:23 [126] [AFN06-F230] <=:68 31 00 C3 00 00 40 00 00 7E 06 20 1C 01 95 00 00 14 12 23 02 00 46 18 31 08 26 12 00 68 95 00 00 14 12 23 68 91 06 33 34 34 35 74 56 DF 16 47 16 
18:48:23 [126] [AFN00-F1-[确认响应]] ->:68 13 00 43 00 00 00 00 00 7E 00 01 00 01 00 00 00 C3 16 
18:48:23 [127] [AFN06-F230] <=:68 31 00 C3 00 00 40 00 00 7F 06 20 1C 01 05 01 00 14 12 23 02 00 46 18 31 08 26 12 00 68 05 01 00 14 12 23 68 91 06 33 34 34 35 73 56 4F 16 99 16 
18:48:23 [127] [AFN00-F1-[确认响应]] ->:68 13 00 43 00 00 00 00 00 7F 00 01 00 01 00 00 00 C4 16 
18:48:24 [128] [AFN06-F230] <=:68 31 00 C3 00 00 40 00 00 80 06 20 1C 01 94 00 00 14 12 23 02 00 46 18 31 08 26 12 00 68 94 00 00 14 12 23 68 91 06 33 34 34 35 73 56 DD 16 44 16 
18:48:24 [128] [AFN00-F1-[确认响应]] ->:68 13 00 43 00 00 00 00 00 80 00 01 00 01 00 00 00 C5 16 
18:48:24 [129] [AFN06-F230] <=:68 31 00 C3 00 00 40 00 00 81 06 20 1C 01 13 00 00 14 12 23 02 00 46 18 31 08 26 12 00 68 13 00 00 14 12 23 68 91 06 33 34 34 35 74 56 5D 16 C4 16 
18:48:24 [129] [AFN00-F1-[确认响应]] ->:68 13 00 43 00 00 00 00 00 81 00 01 00 01 00 00 00 C6 16 
18:48:24 [130] [AFN06-F230] <=:68 31 00 C3 00 00 40 00 00 82 06 20 1C 01 14 00 00 14 12 23 02 00 46 18 31 08 26 12 00 68 14 00 00 14 12 23 68 91 06 33 34 34 35 73 56 5D 16 C6 16 
18:48:24 [130] [AFN00-F1-[确认响应]] ->:68 13 00 43 00 00 00 00 00 82 00 01 00 01 00 00 00 C7 16 
18:48:24 [131] [AFN06-F230] <=:68 31 00 C3 00 00 40 00 00 83 06 20 1C 01 23 00 00 14 12 23 02 00 46 18 31 08 26 12 00 68 23 00 00 14 12 23 68 91 06 33 34 34 35 73 56 6C 16 F4 16 
18:48:24 [131] [AFN00-F1-[确认响应]] ->:68 13 00 43 00 00 00 00 00 83 00 01 00 01 00 00 00 C8 16 
18:48:24 [132] [AFN06-F230] <=:68 31 00 C3 00 00 40 00 00 84 06 20 1C 01 72 00 00 14 12 23 02 00 46 18 31 08 26 12 00 68 72 00 00 14 12 23 68 91 06 33 34 34 35 73 56 BB 16 E2 16 
18:48:25 [132] [AFN00-F1-[确认响应]] ->:68 13 00 43 00 00 00 00 00 84 00 01 00 01 00 00 00 C9 16 
18:48:25 [133] [AFN06-F230] <=:68 31 00 C3 00 00 40 00 00 85 06 20 1C 01 51 01 00 14 12 23 02 00 46 18 31 08 26 12 00 68 51 01 00 14 12 23 68 91 06 33 34 34 35 6C 56 94 16 75 16 
18:48:25 [133] [AFN00-F1-[确认响应]] ->:68 13 00 43 00 00 00 00 00 85 00 01 00 01 00 00 00 CA 16 
18:48:25 [134] [AFN06-F230] <=:68 31 00 C3 00 00 40 00 00 86 06 20 1C 01 37 00 00 14 12 23 02 00 46 18 31 08 26 12 00 68 37 00 00 14 12 23 68 91 06 33 34 34 35 6C 56 79 16 25 16 
18:48:25 [134] [AFN00-F1-[确认响应]] ->:68 13 00 43 00 00 00 00 00 86 00 01 00 01 00 00 00 CB 16 
18:48:40 [135] [AFN06-F3-[上报路由工况变动信息]] <=:68 10 00 C3 00 00 40 00 00 87 06 04 00 04 98 16 
18:48:40 [135] [AFN00-F1-[确认响应]] ->:68 13 00 43 00 00 00 00 00 87 00 01 00 01 00 00 00 CC 16 
